# German cities with alphabetical order

# For index reference
cities = ["Aachen", "Berlin", "Cologne", "Dusseldorf", "Erfurt", "Frankfurt", "Gottingen", "Hamburg", "Ingolstadt", "Jever"]

# Data has been collected manually on: https://www.luftlinie.org
# Distances are given 2 points after the kilometer decimal
# Index i refers to the city with index i in the above list
as_the_crow_flies_distances = [
    [0, 541.28, 64.08, 69.58, 347.6, 196.23, 281.43, 407.82, 443.77, 334.72],
    [541.28, 0, 477.78, 477.62, 237.55, 423.65, 262.06, 255.65, 440.74, 386.48],
    [64.08, 477.78, 0, 34.4, 284.98, 150.2, 217.41, 356.54, 400.9, 299.9],

    [69.58, 477.62, 34.4, 0, 298.15, 180.26, 221.87, 338.51, 430.21, 271.97],
    [347.6, 237.55, 284.98, 298.15, 0, 191.79, 97.97, 294.95, 247.67, 358.65],
    [196.23, 423.65, 150.2, 180.26, 191.79, 0, 179.65, 391.35, 250.72, 386.42],

    [281.43, 262.06, 217.41, 221.87, 97.97, 179.65, 0, 224.72, 325.5, 265.44],
    [407.82, 255.65, 356.54, 338.51, 294.95, 391.35, 224.72, 0, 541.69, 138.31],
    [443.77, 440.74, 400.9, 430.21, 247.67, 250.72, 325.5, 541.69, 0, 588.31],

    [334.72, 386.48, 299.9, 271.97, 358.65, 386.42, 265.44, 138.31, 588.31, 0]
]

by_car_distances = [
    [0, 635.62, 72.01, 80.42, 441.57, 255.73, 357.1 ,488.74, 567.80, 421.11],
    [635.62, 0, 574.58, 570.94, 301.53, 546.04, 335.99, 284.13, 510.59, 492.28],
    [72.01, 574.58, 0, 39.69, 367.71, 187.48, 295.29, 425.97, 499.55, 358.33],

    [80.42, 570.94, 39.69, 0, 379.53, 223.94, 280.06, 404.51, 536.02, 336.87],
    [441.57, 301.53, 367.71, 379.53, 0, 257, 141.64, 396.48, 338.07, 469.76],
    [255.73, 546.04, 187.48, 223.94, 257, 0, 234.45, 493.72, 320.86, 484.93],

    [357.1, 335.99, 295.29, 280.06, 141.64, 234.45, 0, 265.86, 442.56, 339.14],
    [488.74, 284.13, 425.97, 404.51, 396.48, 493.72, 265.86, 0, 716.74, 223.49],
    [567.80, 510.59, 499.55, 536.02, 338.07, 320.86, 442.56, 716.74, 0, 742.08],

    [421.11, 492.28, 358.33, 336.87, 469.76, 484.93, 339.14, 223.49, 742.08, 0]
]